1
2
4
6
8
9
15
17
19
21
22
25
28
31
36
37
41
42
43
48
50
52
56
59
60
61
62
66
67
68
69
70
71
74
76
77
79
80
82
84
85
86
87
88
90
95
98
101
102
103
104
105
106
109
110
111
114
115
120
121
122
123
125
130
132
134
135
136
137
138
140
142
143
145
150
152
154
157
158
161
163
164
165
166
169
171
176
178
179
182
183
186
188
189
190
191
195
200
201
204
206
208
209
212
213
215
217
218
219
221
223
225
228
230
236
237
238
239
241
244
247
248
250
254
255
260
261
262
263
268
269
271
272
276
277
278
279
280
281
282
283
285
288
289
294
296
297
298
299
300
301
303
305
306
307
313
316
317
323
326
327
328
329
333
340
342
345
348
349
351
353
357
359
362
364
370
371
373
374
377
381
382
385
388
390
392
395
398
400
406
407
408
412
413
414
415
416
418
419
420
421
422
424
425
426
427
428
429
432
437
440
443
444
445
447
448
449
453
454
459
461
462
465
467
468
469
470
472
473
474
476
478
479
480
481
482
483
485
486
487
488
489
490
492
497
498
499
500
501
503
504
508
511
512
514
515
518
519
524
527
528
529
530
531
532
533
534
538
539
540
541
544
546
547
549
552
554
555
558
559
561
562
563
567
570
571
573
577
578
579
581
584
586
590
591
593
595
596
597
601
602
603
604
605
607
608
611
614
616
618
620
623
627
628
630
631
632
633
634
636
642
644
645
646
647
648
649
652
656
658
659
661
662
664
665
668
670
671
674
677
678
679
680
684
685
688
689
690
691
697
700
701
702
709
710
712
713
715
716
717
723
724
725
730
731
733
736
737
738
740
741
742
743
749
750
757
759
764
766
767
769
770
771
772
774
775
778
779
781
783
784
785
786
790
795
799
804
806
809
810
814
816
818
819
825
826
828
829
831
834
835
836
838
840
842
844
846
847
851
852
853
856
857
862
863
864
865
866
867
868
871
873
881
882
884
885
887
888
895
896
897
898
900
903
905
907
908
909
910
912
914
916
919
922
925
928
929
930
933
941
943
945
946
948
950
951
954
955
956
957
958
959
960
961
964
969
973
975
976
978
979
980
985
988
989
993
994
995
996
997
1001
1002
1004
1005
1007
1008
1013
1017
1020
1023
